53.0172429,18.6024484,1
53.0171813,18.6025049,2
53.0172190,18.6026515,3
53.0171257,18.6025559,4
53.0170667,18.6026100,5
53.0170245,18.6026487,6
53.0170118,18.6027450,7
53.0170588,18.6028050,8
53.0170849,18.6028867,9
53.0171234,18.6028481,10
53.0171076,18.6029577,11
53.0171321,18.6030343,12
53.0171471,18.6030812,13
53.0171869,18.6030354,14
53.0171790,18.6031809,15
53.0172127,18.6032392,16
53.0172360,18.6033237,17
53.0172695,18.6034340,18
53.0173071,18.6033933,19
53.0172986,18.6035171,20
53.0173235,18.6035881,21
53.0172883,18.6036253,22
53.0173643,18.6037048,23
53.0173626,18.6035464,24
53.0174039,18.6035024,25
53.0174397,18.6034643,26
53.0174787,18.6034227,27
53.0175177,18.6033811,28
53.0175537,18.6033427,29
53.0175618,18.6032605,30
53.0175889,18.6033052,31
53.0176062,18.6032511,32
53.0176274,18.6033007,33
53.0176633,18.6032674,34
53.0173470,18.6030885,35
53.0173317,18.6030399,36
53.0173664,18.6030060,37
53.0174042,18.6029691,38
53.0174427,18.6029314,39
53.0174760,18.6028989,40
53.0174520,18.6028234,41
53.0174201,18.6028488,42
53.0175251,18.6028510,43
53.0174536,18.6027082,44
53.0174060,18.6025513,45
53.0173600,18.6023608,46
53.0172858,18.6024118,47
53.0171487,18.6024391,49
53.0170005,18.6026707,50
53.0169772,18.6025920,51
53.0169689,18.6026994,52
53.0170050,18.6028219,53
53.0170943,18.6027384,54
53.0170719,18.6029894,55
53.0172390,18.6036035,56
53.0173844,18.6034109,57
53.0174553,18.6033374,58
53.0176091,18.6031681,59
53.0176899,18.6033992,60