161 18.60285289552 53.01712800433
162 18.60289782252 53.01709754850
163 18.60296152499 53.01711650776
164 18.60303662684 53.01714091275
165 18.60280696269 53.01706890790
166 18.60285021331 53.01702433341
167 18.60274426606 53.01699387751
168 18.60263362493 53.01695837921
169 18.60274426606 53.01714131614
170 18.60270738568 53.01720142094
171 18.60260747365 53.01720837922
172 18.60260043260 53.01717338549
173 18.60254947063 53.01715704828
174 18.60251124915 53.01720081586
175 18.60246799853 53.01725527315
176 18.60243279453 53.01729561185
177 18.60234734132 53.01727894675
178 18.60245157000 53.01731961335
179 18.60251527246 53.01733998437
180 18.60257092830 53.01733675727
181 18.60332429342 53.01723187690
182 18.60343627565 53.01726898851
183 18.60347047381 53.01730488994
184 18.60345035724 53.01732828636
185 18.60352344744 53.01735127938
186 18.60362872414 53.01738516381
187 18.60372528367 53.01732747959
188 18.60375864414 53.01737911272
189 18.60354490511 53.01739686200
190 18.60349394314 53.01745857998
191 18.60343828730 53.01751908773
192 18.60340341859 53.01748964064
193 18.60339939527 53.01756386340
194 18.60335446827 53.01760904241
195 18.60330887072 53.01757919200
196 18.60331825845 53.01764292664
197 18.60339000754 53.01766874317
198 18.60328456370 53.01769072725
199 18.60258266196 53.01712538291
200 18.60268324479 53.01702372893
201 18.60284954175 53.01698096964
202 18.60304131970 53.01709633894
203 18.60326528415 53.01717378948
204 18.60363811120 53.01728270407
205 18.60344767436 53.01738193713
206 18.60334977373 53.01746745486
